; FBX 6.1.0 project file
; Copyright (C) 1997-2010 Autodesk Inc. and/or its licensors.
; All rights reserved.
; ----------------------------------------------------

FBXHeaderExtension:  {
	FBXHeaderVersion: 1003
	FBXVersion: 6100
	CreationTimeStamp:  {
		Version: 1000
		Year: 2019
		Month: 12
		Day: 20
		Hour: 17
		Minute: 10
		Second: 30
		Millisecond: 865
	}
	Creator: "FBX SDK/FBX Plugins version 2014.0.1"
}

; Document Description
;------------------------------------------------------------------

Document:  {
	Name: ""
}

; Document References
;------------------------------------------------------------------

References:  {
}

; Object definitions
;------------------------------------------------------------------

Definitions:  {
	Version: 100
	Count: 200
	ObjectType: "Model" {
		Count: 106
	}
	ObjectType: "Material" {
		Count: 2
	}
	ObjectType: "Texture" {
		Count: 2
	}
	ObjectType: "Video" {
		Count: 2
	}
	ObjectType: "SceneInfo" {
		Count: 1
	}
	ObjectType: "GlobalSettings" {
		Count: 1
	}
	ObjectType: "Deformer" {
		Count: 85
	}
	ObjectType: "Pose" {
		Count: 1
	}
}

; Object properties
;------------------------------------------------------------------

Objects:  {
	Model: "Model::polySurface958", "Mesh" {
		Version: 232
		Properties60:  {
			Property: "QuaternionInterpolate", "enum", "",0
			Property: "RotationOffset", "Vector3D", "",0,0,0
			Property: "RotationPivot", "Vector3D", "",0,0,0
			Property: "ScalingOffset", "Vector3D", "",0,0,0
			Property: "ScalingPivot", "Vector3D", "",0,0,0
			Property: "TranslationActive", "bool", "",0
			Property: "TranslationMin", "Vector3D", "",0,0,0
			Property: "TranslationMax", "Vector3D", "",0,0,0
			Property: "TranslationMinX", "bool", "",0
			Property: "TranslationMinY", "bool", "",0
			Property: "TranslationMinZ", "bool", "",0
			Property: "TranslationMaxX", "bool", "",0
			Property: "TranslationMaxY", "bool", "",0
			Property: "TranslationMaxZ", "bool", "",0
			Property: "RotationOrder", "enum", "",0
			Property: "RotationSpaceForLimitOnly", "bool", "",0
			Property: "RotationStiffnessX", "double", "",0
			Property: "RotationStiffnessY", "double", "",0
			Property: "RotationStiffnessZ", "double", "",0
			Property: "AxisLen", "double", "",10
			Property: "PreRotation", "Vector3D", "",-90,-0,0
			Property: "PostRotation", "Vector3D", "",0,0,0
			Property: "RotationActive", "bool", "",1
			Property: "RotationMin", "Vector3D", "",0,0,0
			Property: "RotationMax", "Vector3D", "",0,0,0
			Property: "RotationMinX", "bool", "",0
			Property: "RotationMinY", "bool", "",0
			Property: "RotationMinZ", "bool", "",0
			Property: "RotationMaxX", "bool", "",0
			Property: "RotationMaxY", "bool", "",0
			Property: "RotationMaxZ", "bool", "",0
			Property: "InheritType", "enum", "",1
			Property: "ScalingActive", "bool", "",0
			Property: "ScalingMin", "Vector3D", "",0,0,0
			Property: "ScalingMax", "Vector3D", "",0,0,0
			Property: "ScalingMinX", "bool", "",0
			Property: "ScalingMinY", "bool", "",0
			Property: "ScalingMinZ", "bool", "",0
			Property: "ScalingMaxX", "bool", "",0
			Property: "ScalingMaxY", "bool", "",0
			Property: "ScalingMaxZ", "bool", "",0
			Property: "GeometricTranslation", "Vector3D", "",-1.59065055847168,0,-1.20449841022491
			Property: "GeometricRotation", "Vector3D", "",0,0,0
			Property: "GeometricScaling", "Vector3D", "",1,1,1
			Property: "MinDampRangeX", "double", "",0
			Property: "MinDampRangeY", "double", "",0
			Property: "MinDampRangeZ", "double", "",0
			Property: "MaxDampRangeX", "double", "",0
			Property: "MaxDampRangeY", "double", "",0
			Property: "MaxDampRangeZ", "double", "",0
			Property: "MinDampStrengthX", "double", "",0
			Property: "MinDampStrengthY", "double", "",0
			Property: "MinDampStrengthZ", "double", "",0
			Property: "MaxDampStrengthX", "double", "",0
			Property: "MaxDampStrengthY", "double", "",0
			Property: "MaxDampStrengthZ", "double", "",0
			Property: "PreferedAngleX", "double", "",0
			Property: "PreferedAngleY", "double", "",0
			Property: "PreferedAngleZ", "double", "",0
			Property: "LookAtProperty", "object", ""
			Property: "UpVectorProperty", "object", ""
			Property: "Show", "bool", "",1
			Property: "NegativePercentShapeSupport", "bool", "",1
			Property: "DefaultAttributeIndex", "int", "",0
			Property: "Freeze", "bool", "",0
			Property: "LODBox", "bool", "",0
			Property: "Lcl Translation", "Lcl Translation", "A",0.992264032363892,0.793745100498199,-0
			Property: "Lcl Rotation", "Lcl Rotation", "A",0,0,0
			Property: "Lcl Scaling", "Lcl Scaling", "A",0.325970560312271,0.325970560312271,0.325970560312271
			Property: "Visibility", "Visibility", "A",1
			Property: "MaxHandle", "int", "UH",3
			Property: "Color", "ColorRGB", "N",0.109803921568627,0.349019607843137,0.694117647058824
			Property: "BBoxMin", "Vector3D", "N",0,0,0
			Property: "BBoxMax", "Vector3D", "N",0,0,0
			Property: "Primary Visibility", "bool", "N",1
			Property: "Casts Shadows", "bool", "N",1
			Property: "Receive Shadows", "bool", "N",1
		}
		MultiLayer: 0
		MultiTake: 0
		Shading: T
		Culling: "CullingOff"
		Vertices: 1.59180402755737,-0.0322180017828941,1.45913195610046,1.65116596221924,-0.0322180017828941,1.3989599943161,1.66169798374176
        ,0.0122670000419021,1.34843599796295,1.66147696971893,-0.0322180017828941,1.34865701198578,1.72172296047211,-0.0322180017828941
        ,1.29651296138763,1.69962799549103,0.0116769997403026,1.27537500858307,1.65624797344208,0.0205150004476309,1.28553903102875
        ,1.73343300819397,0.0040179998613894,1.21866500377655,1.70007002353668,0.0153599996119738,1.19517004489899,1.66501200199127
        ,0.019115999341011,1.24598896503448,1.7009539604187,-0.0322180017828941,1.12350904941559,1.74035596847534,-0.0322180017828941
        ,1.17499005794525,1.62391602993011,0.021619999781251,1.31706094741821,1.59180402755737,0.00549100013449788,1.38798594474792
        ,1.59180402755737,0.0226509999483824,1.32228994369507,1.76289296150208,-0.0322180017828941,1.23044800758362,1.52183699607849
        ,0.0122670000419021,1.34843599796295,1.55969297885895,0.021619999781251,1.31706094741821,1.52736103534698,0.0205150004476309
        ,1.28553903102875,1.48390698432922,0.0116769997403026,1.27537500858307,1.46188604831696,-0.0322180017828941,1.29651296138763
        ,1.52205801010132,-0.0322180017828941,1.34865701198578,1.45010197162628,0.0040179998613894,1.21866500377655,1.48353898525238
        ,0.0153599996119738,1.19517004489899,1.51852297782898,0.019115999341011,1.24598896503448,1.48258101940155,-0.0322180017828941
        ,1.12350904941559,1.44317901134491,-0.0322180017828941,1.17499005794525,1.53406298160553,-0.0322180017828941,1.3989599943161
        ,1.42064201831818,-0.0322180017828941,1.23044800758362,1.50519204139709,0.00681600021198392,1.13897502422333,1.46932399272919
        ,0.00681600021198392,1.22558796405792,1.50519204139709,0.00681600021198392,1.31212604045868,1.59180402755737,0.00681600021198392
        ,1.10310804843903,1.59180402755737,0.00681600021198392,1.3479939699173,1.67834305763245,0.00681600021198392,1.13897502422333
        ,1.67834305763245,0.00681600021198392,1.31212604045868,1.71421098709106,0.00681600021198392,1.22558796405792,1.59180402755737
        ,-0.0310759991407394,1.10310804843903,1.50519204139709,-0.0310759991407394,1.13897502422333,1.46932399272919,-0.0310759991407394
        ,1.22558796405792,1.50519204139709,-0.0310759991407394,1.31212604045868,1.59180402755737,-0.0310759991407394,1.3479939699173
        ,1.67834305763245,-0.0310759991407394,1.31212604045868,1.71421098709106,-0.0310759991407394,1.22558796405792,1.67834305763245
        ,-0.0310759991407394,1.13897502422333,1.58773899078369,-0.0651889964938164,1.49228298664093,1.72661697864532,-0.0863419994711876
        ,1.47271203994751,1.71782004833221,-0.0651889964938164,1.45744001865387,1.58773899078369,-0.0863419994711876,1.50992703437805
        ,1.8282790184021,-0.0863419994711876,1.37100005149841,1.81300795078278,-0.0651889964938164,1.3622020483017,1.86549496650696
        ,-0.0863419994711876,1.23212194442749,1.84790003299713,-0.0651889964938164,1.23212194442749,1.8282790184021,-0.0863419994711876
        ,1.09324395656586,1.81300795078278,-0.0651889964938164,1.10204100608826,1.72661697864532,-0.0863419994711876,0.99158102273941
        ,1.71782004833221,-0.0651889964938164,1.00685298442841,1.58773899078369,-0.0863419994711876,0.954366028308868,1.58773899078369
        ,-0.0651889964938164,0.97196102142334,1.44886100292206,-0.0863419994711876,1.47271203994751,1.45765900611877,-0.0651889964938164
        ,1.45744001865387,1.34714901447296,-0.0863419994711876,1.37100005149841,1.3624210357666,-0.0651889964938164,1.3622020483017
        ,1.30993402004242,-0.0863419994711876,1.23212194442749,1.32757794857025,-0.0651889964938164,1.23212194442749,1.34714901447296
        ,-0.0863419994711876,1.09324395656586,1.3624210357666,-0.0651889964938164,1.10204100608826,1.44886100292206,-0.0863419994711876
        ,0.99158102273941,1.45765900611877,-0.0651889964938164,1.00685298442841,1.8282790184021,-0.0440360009670258,1.09324395656586
        ,1.86549496650696,-0.0440360009670258,1.23212194442749,1.8282790184021,-0.0440360009670258,1.37100005149841,1.72661697864532
        ,-0.0440360009670258,1.47271203994751,1.58773899078369,-0.0440360009670258,1.50992703437805,1.44886100292206,-0.0440360009670258
        ,1.47271203994751,1.34714901447296,-0.0440360009670258,1.37100005149841,1.30993402004242,-0.0440360009670258,1.23212194442749
        ,1.34714901447296,-0.0440360009670258,1.09324395656586,1.44886100292206,-0.0440360009670258,0.99158102273941,1.58773899078369
        ,-0.0440360009670258,0.954366028308868,1.72661697864532,-0.0440360009670258,0.99158102273941,1.97281301021576,-0.0954390019178391
        ,1.27782797813416,1.92701494693756,-0.0954390019178391,1.29679799079895,1.88121700286865,-0.0954390019178391,1.27782797813416
        ,1.86224794387817,-0.0954390019178391,1.23203003406525,1.88121700286865,-0.0954390019178391,1.18623304367065,1.92701494693756
        ,-0.0954390019178391,1.16726303100586,1.97281301021576,-0.0954390019178391,1.18623304367065,1.99178194999695,-0.0954390019178391
        ,1.23203003406525,1.88121700286865,-0.0651130005717278,1.27782797813416,1.92701494693756,-0.0651130005717278,1.29679799079895
        ,1.97281301021576,-0.0651130005717278,1.27782797813416,1.99178194999695,-0.0651130005717278,1.23203003406525,1.97281301021576
        ,-0.0651130005717278,1.18623304367065,1.92701494693756,-0.0651130005717278,1.16726303100586,1.88121700286865,-0.0651130005717278
        ,1.18623304367065,1.86224794387817,-0.0651130005717278,1.23203003406525,1.96608197689056,-0.0954390019178391,1.27109801769257
        ,1.92701494693756,-0.0954390019178391,1.28727996349335,1.88794803619385,-0.0954390019178391,1.27109801769257,1.87176501750946
        ,-0.0954390019178391,1.23203003406525,1.88794803619385,-0.0954390019178391,1.19296300411224,1.92701494693756,-0.0954390019178391
        ,1.17678105831146,1.96608197689056,-0.0954390019178391,1.19296300411224,1.98226404190063,-0.0954390019178391,1.23203003406525
        ,1.95030498504639,-0.104413002729416,1.25531995296478,1.92701494693756,-0.104413002729416,1.26496696472168,1.92701494693756
        ,-0.110491998493671,1.23203003406525,1.90372502803802,-0.104413002729416,1.25531995296478,1.89407801628113,-0.104413002729416
        ,1.23203003406525,1.90372502803802,-0.104413002729416,1.20873999595642,1.92701494693756,-0.104413002729416,1.19909298419952
        ,1.95030498504639,-0.104413002729416,1.20873999595642,1.95995199680328,-0.104413002729416,1.23203003406525,1.97281301021576
        ,-0.0344219990074635,1.27782797813416,1.92701494693756,-0.0344219990074635,1.29679799079895,1.88121700286865,-0.0344219990074635
        ,1.27782797813416,1.86224794387817,-0.0344219990074635,1.23203003406525,1.88121700286865,-0.0344219990074635,1.18623304367065
        ,1.92701494693756,-0.0344219990074635,1.16726303100586,1.97281301021576,-0.0344219990074635,1.18623304367065,1.99178194999695
        ,-0.0344219990074635,1.23203003406525,1.96608197689056,-0.0344219990074635,1.27109801769257,1.92701494693756,-0.0344219990074635
        ,1.28727996349335,1.88794803619385,-0.0344219990074635,1.27109801769257,1.87176501750946,-0.0344219990074635,1.23203003406525
        ,1.88794803619385,-0.0344219990074635,1.19296300411224,1.92701494693756,-0.0344219990074635,1.17678105831146,1.96608197689056
        ,-0.0344219990074635,1.19296300411224,1.98226404190063,-0.0344219990074635,1.23203003406525,1.95030498504639,-0.0253410004079342
        ,1.25531995296478,1.92701494693756,-0.0253410004079342,1.26496696472168,1.92701494693756,-0.0191879998892546,1.23203003406525
        ,1.90372502803802,-0.0253410004079342,1.25531995296478,1.89407801628113,-0.0253410004079342,1.23203003406525,1.90372502803802
        ,-0.0253410004079342,1.20873999595642,1.92701494693756,-0.0253410004079342,1.19909298419952,1.95030498504639,-0.0253410004079342
        ,1.20873999595642,1.95995199680328,-0.0253410004079342,1.23203003406525,1.58773899078369,-0.0986479967832565,1.41345405578613
        ,1.67838001251221,-0.0317800007760525,1.38913798332214,1.58773899078369,-0.0317800007760525,1.41345405578613,1.67838001251221
        ,-0.0986479967832565,1.38913798332214,1.74475502967834,-0.0317800007760525,1.32276296615601,1.74475502967834,-0.0986479967832565
        ,1.32276296615601,1.76902103424072,-0.0317800007760525,1.23212194442749,1.76902103424072,-0.0986479967832565,1.23212194442749
        ,1.74475502967834,-0.0317800007760525,1.14147996902466,1.74475502967834,-0.0986479967832565,1.14147996902466,1.67838001251221
        ,-0.0317800007760525,1.07510602474213,1.67838001251221,-0.0986479967832565,1.07510602474213,1.58773899078369,-0.0317800007760525
        ,1.05083894729614,1.58773899078369,-0.0986479967832565,1.05083894729614,1.49709796905518,-0.0317800007760525,1.38913798332214
        ,1.49709796905518,-0.0986479967832565,1.38913798332214,1.43072295188904,-0.0317800007760525,1.32276296615601,1.43072295188904
        ,-0.0986479967832565,1.32276296615601,1.40640699863434,-0.0317800007760525,1.23212194442749,1.40640699863434,-0.0986479967832565
        ,1.23212194442749,1.43072295188904,-0.0317800007760525,1.14147996902466,1.43072295188904,-0.0986479967832565,1.14147996902466
        ,1.49709796905518,-0.0317800007760525,1.07510602474213,1.49709796905518,-0.0986479967832565,1.07510602474213,1.87636804580688
        ,-0.0651889964938164,1.23350596427917,1.42681896686554,-0.0651889964938164,0.994992017745972,1.86860799789429,-0.0651889964938164
        ,1.24556505680084,1.43457794189453,-0.0651889964938164,0.982932984828949,1.58773899078369,-0.0651889964938164,1.5753630399704
        ,1.72661697864532,-0.0863419994711876,1.47271203994751,1.58773899078369,-0.0863419994711876,1.50992703437805,1.75933504104614
        ,-0.0651889964938164,1.52939903736115,1.58773899078369,-0.0440360009670258,1.50992703437805,1.72661697864532,-0.0440360009670258
        ,1.47271203994751,1.8282790184021,-0.0863419994711876,1.37100005149841,1.88496696949005,-0.0651889964938164,1.40376698970795
        ,1.8282790184021,-0.0440360009670258,1.37100005149841,1.86549496650696,-0.0863419994711876,1.23212194442749,1.93097996711731
        ,-0.0651889964938164,1.23212194442749,1.86549496650696,-0.0440360009670258,1.23212194442749,1.8282790184021,-0.0863419994711876
        ,1.09324395656586,1.88496696949005,-0.0651889964938164,1.06052601337433,1.8282790184021,-0.0440360009670258,1.09324395656586
        ,1.72661697864532,-0.0863419994711876,0.99158102273941,1.75933504104614,-0.0651889964938164,0.934894025325775,1.72661697864532
        ,-0.0440360009670258,0.99158102273941,1.58773899078369,-0.0863419994711876,0.954366028308868,1.58773899078369,-0.0651889964938164
        ,0.888881027698517,1.58773899078369,-0.0440360009670258,0.954366028308868,1.41609394550323,-0.0651889964938164,0.934894025325775
        ,1.44886100292206,-0.0863419994711876,0.99158102273941,1.29046094417572,-0.0651889964938164,1.06052601337433,1.34714901447296
        ,-0.0863419994711876,1.09324395656586,1.24449801445007,-0.0651889964938164,1.23212194442749,1.30993402004242,-0.0863419994711876
        ,1.23212194442749,1.29046094417572,-0.0651889964938164,1.40376698970795,1.34714901447296,-0.0863419994711876,1.37100005149841
        ,1.41609394550323,-0.0651889964938164,1.52939903736115,1.44886100292206,-0.0863419994711876,1.47271203994751,1.44886100292206
        ,-0.0440360009670258,1.47271203994751,1.34714901447296,-0.0440360009670258,1.37100005149841,1.30993402004242,-0.0440360009670258
        ,1.23212194442749,1.34714901447296,-0.0440360009670258,1.09324395656586,1.44886100292206,-0.0440360009670258,0.99158102273941
        ,1.58773899078369,-0.0651889964938164,1.47547900676727,1.67838001251221,-0.0986479967832565,1.38913798332214,1.58773899078369
        ,-0.0986479967832565,1.41345405578613,1.70941805839539,-0.0651889964938164,1.44286000728607,1.58773899078369,-0.0317800007760525
        ,1.41345405578613,1.67838001251221,-0.0317800007760525,1.38913798332214,1.74475502967834,-0.0986479967832565,1.32276296615601
        ,1.79847705364227,-0.0651889964938164,1.35380101203918,1.74475502967834,-0.0317800007760525,1.32276296615601,1.76902103424072
        ,-0.0986479967832565,1.23212194442749,1.83109605312347,-0.0651889964938164,1.23212194442749,1.76902103424072,-0.0317800007760525
        ,1.23212194442749,1.74475502967834,-0.0986479967832565,1.14147996902466,1.79847705364227,-0.0651889964938164,1.11044299602509
        ,1.74475502967834,-0.0317800007760525,1.14147996902466,1.67838001251221,-0.0986479967832565,1.07510602474213,1.70941805839539
        ,-0.0651889964938164,1.02138304710388,1.67838001251221,-0.0317800007760525,1.07510602474213,1.58773899078369,-0.0986479967832565
        ,1.05083894729614,1.58773899078369,-0.0651889964938164,0.988813996315002,1.58773899078369,-0.0317800007760525,1.05083894729614
        ,1.46606004238129,-0.0651889964938164,1.02138304710388,1.49709796905518,-0.0986479967832565,1.07510602474213,1.3770010471344
        ,-0.0651889964938164,1.11044299602509,1.43072295188904,-0.0986479967832565,1.14147996902466,1.3443820476532,-0.0651889964938164
        ,1.23212194442749,1.40640699863434,-0.0986479967832565,1.23212194442749,1.3770010471344,-0.0651889964938164,1.35380101203918
        ,1.43072295188904,-0.0986479967832565,1.32276296615601,1.46606004238129,-0.0651889964938164,1.44286000728607,1.49709796905518
        ,-0.0986479967832565,1.38913798332214,1.49709796905518,-0.0317800007760525,1.38913798332214,1.43072295188904,-0.0317800007760525
        ,1.32276296615601,1.40640699863434,-0.0317800007760525,1.23212194442749,1.43072295188904,-0.0317800007760525,1.14147996902466
        ,1.49709796905518,-0.0317800007760525,1.07510602474213,1.42746102809906,-0.0651889964938164,0.995881021022797,1.46210694313049
        ,-0.0651889964938164,1.47379899024963,1.44199097156525,-0.0651889964938164,0.995881021022797,1.44757604598999,-0.0651889964938164
        ,1.47379899024963,1.61215400695801,-0.0780889987945557,1.19371998310089,1.57889199256897,-0.0894559994339943,1.12863099575043
        ,1.57133102416992,-0.0780889987945557,1.20222103595734,1.53648805618286,-0.0780889987945557,1.17938804626465,1.52635598182678
        ,-0.0780889987945557,1.1309540271759,1.63666796684265,-0.0780889987945557,1.15694999694824,1.63296103477478,-0.0780889987945557
        ,1.11167895793915,1.61383402347565,-0.0780889987945557,1.07999897003174,1.61516904830933,-0.0651889964938164,1.19871199131012
        ,1.56955194473267,-0.0651889964938164,1.20820105075836,1.53060603141785,-0.0651889964938164,1.18269896507263,1.5211169719696
        ,-0.0651889964938164,1.13708198070526,1.49378705024719,-0.0780889987945557,1.12630796432495,1.49620795249939,-0.0651889964938164
        ,1.13357305526733,1.44199097156525,-0.0780889987945557,1.15566504001617,1.50248503684998,-0.0651889964938164,1.07085597515106
        ,1.43650603294373,-0.0651889964938164,1.13214004039764,1.40601205825806,-0.0651889964938164,1.21393394470215,1.44861400127411
        ,-0.0651889964938164,1.16055798530579,1.61749196052551,-0.0651889964938164,1.07564997673035,1.56480705738068,-0.0651889964938164
        ,1.05578196048737,1.564906001091,-0.0758149996399879,1.06314599514008,1.63820004463196,-0.0651889964938164,1.10985004901886
        ,1.44199097156525,-0.0523389987647533,1.15566504001617,1.49378705024719,-0.0523389987647533,1.12630796432495,1.564906001091
        ,-0.0545630007982254,1.06314599514008,1.61383402347565,-0.0523389987647533,1.07999897003174,1.63296103477478,-0.0523389987647533
        ,1.11167895793915,1.57889199256897,-0.040922999382019,1.12863099575043,1.63666796684265,-0.0523389987647533,1.15694999694824
        ,1.61215400695801,-0.0523389987647533,1.19371998310089,1.57133102416992,-0.0523389987647533,1.20222103595734,1.53648805618286
        ,-0.0523389987647533,1.17938804626465,1.52635598182678,-0.0523389987647533,1.1309540271759,1.64210402965546,-0.0651889964938164
        ,1.15833401679993,1.50519204139709,-0.137195006012917,1.13897502422333,1.46932399272919,-0.137195006012917,1.22558796405792
        ,1.50519204139709,-0.137195006012917,1.31212604045868,1.59180402755737,-0.137195006012917,1.10310804843903,1.59180402755737
        ,-0.137195006012917,1.3479939699173,1.67834305763245,-0.137195006012917,1.13897502422333,1.67834305763245,-0.137195006012917
        ,1.31212604045868,1.71421098709106,-0.137195006012917,1.22558796405792,1.59180402755737,-0.0993020012974739,1.10310804843903
        ,1.50519204139709,-0.0993020012974739,1.13897502422333,1.46932399272919,-0.0993020012974739,1.22558796405792,1.50519204139709
        ,-0.0993020012974739,1.31212604045868,1.59180402755737,-0.0993020012974739,1.3479939699173,1.67834305763245,-0.0993020012974739
        ,1.31212604045868,1.71421098709106,-0.0993020012974739,1.22558796405792,1.67834305763245,-0.0993020012974739,1.13897502422333
        ,1.59180402755737,-0.0981609970331192,1.45913195610046,1.65116596221924,-0.0981609970331192,1.3989599943161,1.66169798374176
        ,-0.142645001411438,1.34843599796295,1.66147696971893,-0.0981609970331192,1.34865701198578,1.72172296047211,-0.0981609970331192
        ,1.29651296138763,1.69962799549103,-0.142056003212929,1.27537500858307,1.65624797344208,-0.150894001126289,1.28553903102875
        ,1.73343300819397,-0.134396001696587,1.21866500377655,1.70007002353668,-0.145739004015923,1.19517004489899,1.66501200199127
        ,-0.149495005607605,1.24598896503448,1.7009539604187,-0.0981609970331192,1.12350904941559,1.74035596847534,-0.0981609970331192
        ,1.17499005794525,1.62391602993011,-0.151998996734619,1.31706094741821,1.59180402755737,-0.13586899638176,1.38798594474792
        ,1.59180402755737,-0.15302999317646,1.32228994369507,1.76289296150208,-0.0981609970331192,1.23044800758362,1.52183699607849
        ,-0.142645001411438,1.34843599796295,1.55969297885895,-0.151998996734619,1.31706094741821,1.52736103534698,-0.150894001126289
        ,1.28553903102875,1.48390698432922,-0.142056003212929,1.27537500858307,1.46188604831696,-0.0981609970331192,1.29651296138763
        ,1.52205801010132,-0.0981609970331192,1.34865701198578,1.45010197162628,-0.134396001696587,1.21866500377655,1.48353898525238
        ,-0.145739004015923,1.19517004489899,1.51852297782898,-0.149495005607605,1.24598896503448,1.48258101940155,-0.0981609970331192
        ,1.12350904941559,1.44317901134491,-0.0981609970331192,1.17499005794525,1.53406298160553,-0.0981609970331192,1.3989599943161
        ,1.42064201831818,-0.0981609970331192,1.23044800758362,1.4563239812851,-0.0651889964938164,1.49010801315308,1.86776804924011
        ,-0.0651889964938164,1.23340702056885,1.44940495491028,-0.0651889964938164,1.47750496864319,1.87468695640564,-0.0651889964938164
        ,1.24600994586945,1.60503697395325,-0.0780889987945557,1.27423000335693,1.67734205722809,-0.0894559994339943,1.28460896015167
        ,1.62164294719696,-0.0780889987945557,1.23597705364227,1.66039001941681,-0.0780889987945557,1.22070503234863,1.70580995082855
        ,-0.0780889987945557,1.24037504196167,1.62090194225311,-0.0780889987945557,1.31544899940491,1.66004395484924,-0.0780889987945557
        ,1.33857798576355,1.69696295261383,-0.0780889987945557,1.3411979675293,1.59920501708984,-0.0651889964938164,1.27383494377136
        ,1.61773896217346,-0.0651889964938164,1.23108398914337,1.66108202934265,-0.0651889964938164,1.21398401260376,1.70378303527832
        ,-0.0651889964938164,1.23251700401306,1.72839605808258,-0.0780889987945557,1.21640503406525,1.72103202342987,-0.0651889964938164
        ,1.21423101425171,1.73427700996399,-0.0780889987945557,1.15714800357819,1.76862597465515,-0.0651889964938164,1.25554800033569
        ,1.75661599636078,-0.0651889964938164,1.16629099845886,1.70739102363586,-0.0651889964938164,1.09418296813965,1.72641897201538
        ,-0.0651889964938164,1.15976703166962,1.69839596748352,-0.0651889964938164,1.34668397903442,1.74500203132629,-0.0651889964938164
        ,1.31510305404663,1.73897194862366,-0.0758149996399879,1.31095099449158,1.65851199626923,-0.0651889964938164,1.34386694431305
        ,1.73427700996399,-0.0523389987647533,1.15714800357819,1.72839605808258,-0.0523389987647533,1.21640503406525,1.73897194862366
        ,-0.0545630007982254,1.31095099449158,1.69696295261383,-0.0523389987647533,1.3411979675293,1.66004395484924,-0.0523389987647533
        ,1.33857798576355,1.67734205722809,-0.040922999382019,1.28460896015167,1.62090194225311,-0.0523389987647533,1.31544899940491
        ,1.60503697395325,-0.0523389987647533,1.27423000335693,1.62164294719696,-0.0523389987647533,1.23597705364227,1.66039001941681
        ,-0.0523389987647533,1.22070503234863,1.70580995082855,-0.0523389987647533,1.24037504196167,1.61665105819702,-0.0651889964938164
        ,1.31910598278046,1.54222095012665,-0.0780889987945557,1.23068904876709,1.50312697887421,-0.0894559994339943,1.29236805438995
        ,1.57034194469452,-0.0780889987945557,1.26147902011871,1.56841504573822,-0.0780889987945557,1.30309295654297,1.53179204463959
        ,-0.0780889987945557,1.33645296096802,1.49813604354858,-0.0780889987945557,1.228266954422,1.46097004413605,-0.0780889987945557
        ,1.25446105003357,1.44347405433655,-0.0780889987945557,1.28708004951477,1.5449880361557,-0.0651889964938164,1.22554898262024
        ,1.57637202739716,-0.0651889964938164,1.25994694232941,1.5741970539093,-0.0651889964938164,1.30645298957825,1.53979897499084
        ,-0.0651889964938164,1.3378369808197,1.54439496994019,-0.0780889987945557,1.36684799194336,1.54938697814941,-0.0651889964938164
        ,1.36106598377228,1.59604203701019,-0.0780889987945557,1.39650201797485,1.49220502376556,-0.0651889964938164,1.38755595684052
        ,1.57854604721069,-0.0651889964938164,1.41320705413818,1.66449201107025,-0.0651889964938164,1.39783596992493,1.59688198566437
        ,-0.0651889964938164,1.38829803466797,1.4378399848938,-0.0651889964938164,1.28614103794098,1.44757604598999,-0.0651889964938164
        ,1.34154403209686,1.45385301113129,-0.0758149996399879,1.33773803710938,1.45681798458099,-0.0651889964938164,1.25090205669403
        ,1.59604203701019,-0.0523389987647533,1.39650201797485,1.54439496994019,-0.0523389987647533,1.36684799194336,1.45385301113129
        ,-0.0545630007982254,1.33773803710938,1.44347405433655,-0.0523389987647533,1.28708004951477,1.46097004413605,-0.0523389987647533
        ,1.25446105003357,1.50312697887421,-0.040922999382019,1.29236805438995,1.49813604354858,-0.0523389987647533,1.228266954422
        ,1.54222095012665,-0.0523389987647533,1.23068904876709,1.57034194469452,-0.0523389987647533,1.26147902011871,1.56841504573822
        ,-0.0523389987647533,1.30309295654297,1.53179204463959,-0.0523389987647533,1.33645296096802,1.49650502204895,-0.0651889964938164
        ,1.22288000583649,1.63848698139191,-0.0954390019178391,1.60839700698853,1.592689037323,-0.0954390019178391,1.62736701965332
        ,1.5468909740448,-0.0954390019178391,1.60839700698853,1.52792203426361,-0.0954390019178391,1.56259894371033,1.5468909740448
        ,-0.0954390019178391,1.51680195331573,1.592689037323,-0.0954390019178391,1.49783194065094,1.63848698139191,-0.0954390019178391
        ,1.51680195331573,1.65745604038239,-0.0954390019178391,1.56259894371033,1.5468909740448,-0.0651130005717278,1.60839700698853
        ,1.592689037323,-0.0651130005717278,1.62736701965332,1.63848698139191,-0.0651130005717278,1.60839700698853,1.65745604038239
        ,-0.0651130005717278,1.56259894371033,1.63848698139191,-0.0651130005717278,1.51680195331573,1.592689037323,-0.0651130005717278
        ,1.49783194065094,1.5468909740448,-0.0651130005717278,1.51680195331573,1.52792203426361,-0.0651130005717278,1.56259894371033
        ,1.63175594806671,-0.0954390019178391,1.60166597366333,1.592689037323,-0.0954390019178391,1.61784899234772,1.55362200737
        ,-0.0954390019178391,1.60166597366333,1.53743898868561,-0.0954390019178391,1.56259894371033,1.55362200737,-0.0954390019178391
        ,1.52353203296661,1.592689037323,-0.0954390019178391,1.50734996795654,1.63175594806671,-0.0954390019178391,1.52353203296661
        ,1.64793801307678,-0.0954390019178391,1.56259894371033,1.61597895622253,-0.104413002729416,1.58588898181915,1.592689037323
        ,-0.104413002729416,1.59553599357605,1.592689037323,-0.110491998493671,1.56259894371033,1.56939899921417,-0.104413002729416
        ,1.58588898181915,1.55975198745728,-0.104413002729416,1.56259894371033,1.56939899921417,-0.104413002729416,1.53930902481079
        ,1.592689037323,-0.104413002729416,1.52966201305389,1.61597895622253,-0.104413002729416,1.53930902481079,1.62562596797943
        ,-0.104413002729416,1.56259894371033,1.63848698139191,-0.0344219990074635,1.60839700698853,1.592689037323,-0.0344219990074635
        ,1.62736701965332,1.5468909740448,-0.0344219990074635,1.60839700698853,1.52792203426361,-0.0344219990074635,1.56259894371033
        ,1.5468909740448,-0.0344219990074635,1.51680195331573,1.592689037323,-0.0344219990074635,1.49783194065094,1.63848698139191
        ,-0.0344219990074635,1.51680195331573,1.65745604038239,-0.0344219990074635,1.56259894371033,1.63175594806671,-0.0344219990074635
        ,1.60166597366333,1.592689037323,-0.0344219990074635,1.61784899234772,1.55362200737,-0.0344219990074635,1.60166597366333
        ,1.53743898868561,-0.0344219990074635,1.56259894371033,1.55362200737,-0.0344219990074635,1.52353203296661,1.592689037323
        ,-0.0344219990074635,1.50734996795654,1.63175594806671,-0.0344219990074635,1.52353203296661,1.64793801307678,-0.0344219990074635
        ,1.56259894371033,1.61597895622253,-0.0253410004079342,1.58588898181915,1.592689037323,-0.0253410004079342,1.59553599357605
        ,1.592689037323,-0.0191879998892546,1.56259894371033,1.56939899921417,-0.0253410004079342,1.58588898181915,1.55975198745728
        ,-0.0253410004079342,1.56259894371033,1.56939899921417,-0.0253410004079342,1.53930902481079,1.592689037323,-0.0253410004079342
        ,1.52966201305389,1.61597895622253,-0.0253410004079342,1.53930902481079,1.62562596797943,-0.0253410004079342,1.56259894371033
        ,1.29867494106293,-0.0954390019178391,1.28070604801178,1.25287699699402,-0.0954390019178391,1.29967498779297,1.20708000659943
        ,-0.0954390019178391,1.28070604801178,1.18810999393463,-0.0954390019178391,1.23490798473358,1.20708000659943,-0.0954390019178391
        ,1.18911099433899,1.25287699699402,-0.0954390019178391,1.17014098167419,1.29867494106293,-0.0954390019178391,1.18911099433899
        ,1.31764400005341,-0.0954390019178391,1.23490798473358,1.20708000659943,-0.0651130005717278,1.28070604801178,1.25287699699402
        ,-0.0651130005717278,1.29967498779297,1.29867494106293,-0.0651130005717278,1.28070604801178,1.31764400005341,-0.0651130005717278
        ,1.23490798473358,1.29867494106293,-0.0651130005717278,1.18911099433899,1.25287699699402,-0.0651130005717278,1.17014098167419
        ,1.20708000659943,-0.0651130005717278,1.18911099433899,1.18810999393463,-0.0651130005717278,1.23490798473358,1.29194402694702
        ,-0.0954390019178391,1.27397501468658,1.25287699699402,-0.0954390019178391,1.29015803337097,1.21380996704102,-0.0954390019178391
        ,1.27397501468658,1.19762802124023,-0.0954390019178391,1.23490798473358,1.21380996704102,-0.0954390019178391,1.19584095478058
        ,1.25287699699402,-0.0954390019178391,1.1796590089798,1.29194402694702,-0.0954390019178391,1.19584095478058,1.30812704563141
        ,-0.0954390019178391,1.23490798473358,1.27616703510284,-0.104413002729416,1.25819802284241,1.25287699699402,-0.104413002729416
        ,1.2678450345993,1.25287699699402,-0.110491998493671,1.23490798473358,1.22958695888519,-0.104413002729416,1.25819802284241
        ,1.2199399471283,-0.104413002729416,1.23490798473358,1.22958695888519,-0.104413002729416,1.21161794662476,1.25287699699402
        ,-0.104413002729416,1.20197105407715,1.27616703510284,-0.104413002729416,1.21161794662476,1.28581404685974,-0.104413002729416
        ,1.23490798473358,1.29867494106293,-0.0344219990074635,1.28070604801178,1.25287699699402,-0.0344219990074635,1.29967498779297
        ,1.20708000659943,-0.0344219990074635,1.28070604801178,1.18810999393463,-0.0344219990074635,1.23490798473358,1.20708000659943
        ,-0.0344219990074635,1.18911099433899,1.25287699699402,-0.0344219990074635,1.17014098167419,1.29867494106293,-0.0344219990074635
        ,1.18911099433899,1.31764400005341,-0.0344219990074635,1.23490798473358,1.29194402694702,-0.0344219990074635,1.27397501468658
        ,1.25287699699402,-0.0344219990074635,1.29015803337097,1.21380996704102,-0.0344219990074635,1.27397501468658,1.19762802124023
        ,-0.0344219990074635,1.23490798473358,1.21380996704102,-0.0344219990074635,1.19584095478058,1.25287699699402,-0.0344219990074635
        ,1.1796590089798,1.29194402694702,-0.0344219990074635,1.19584095478058,1.30812704563141,-0.0344219990074635,1.23490798473358
        ,1.27616703510284,-0.0253410004079342,1.25819802284241,1.25287699699402,-0.0253410004079342,1.2678450345993,1.25287699699402
        ,-0.0191879998892546,1.23490798473358,1.22958695888519,-0.0253410004079342,1.25819802284241,1.2199399471283,-0.0253410004079342
        ,1.23490798473358,1.22958695888519,-0.0253410004079342,1.21161794662476,1.25287699699402,-0.0253410004079342,1.20197105407715
        ,1.27616703510284,-0.0253410004079342,1.21161794662476,1.28581404685974,-0.0253410004079342,1.23490798473358,1.63848698139191
        ,-0.0954390019178391,0.94098299741745,1.592689037323,-0.0954390019178391,0.959953010082245,1.5468909740448,-0.0954390019178391
        ,0.94098299741745,1.52792203426361,-0.0954390019178391,0.895184993743896,1.5468909740448,-0.0954390019178391,0.849388003349304
        ,1.592689037323,-0.0954390019178391,0.830417990684509,1.63848698139191,-0.0954390019178391,0.849388003349304,1.65745604038239
        ,-0.0954390019178391,0.895184993743896,1.5468909740448,-0.0651130005717278,0.94098299741745,1.592689037323,-0.0651130005717278
        ,0.959953010082245,1.63848698139191,-0.0651130005717278,0.94098299741745,1.65745604038239,-0.0651130005717278,0.895184993743896
        ,1.63848698139191,-0.0651130005717278,0.849388003349304,1.592689037323,-0.0651130005717278,0.830417990684509,1.5468909740448
        ,-0.0651130005717278,0.849388003349304,1.52792203426361,-0.0651130005717278,0.895184993743896,1.63175594806671,-0.0954390019178391
        ,0.934252977371216,1.592689037323,-0.0954390019178391,0.950434982776642,1.55362200737,-0.0954390019178391,0.934252977371216
        ,1.53743898868561,-0.0954390019178391,0.895184993743896,1.55362200737,-0.0954390019178391,0.856118023395538,1.592689037323
        ,-0.0954390019178391,0.839936017990112,1.63175594806671,-0.0954390019178391,0.856118023395538,1.64793801307678,-0.0954390019178391
        ,0.895184993743896,1.61597895622253,-0.104413002729416,0.918474972248077,1.592689037323,-0.104413002729416,0.928121984004974
        ,1.592689037323,-0.110491998493671,0.895184993743896,1.56939899921417,-0.104413002729416,0.918474972248077,1.55975198745728
        ,-0.104413002729416,0.895184993743896,1.56939899921417,-0.104413002729416,0.871895015239716,1.592689037323,-0.104413002729416
        ,0.862248003482819,1.61597895622253,-0.104413002729416,0.871895015239716,1.62562596797943,-0.104413002729416,0.895184993743896
        ,1.63848698139191,-0.0344219990074635,0.94098299741745,1.592689037323,-0.0344219990074635,0.959953010082245,1.5468909740448
        ,-0.0344219990074635,0.94098299741745,1.52792203426361,-0.0344219990074635,0.895184993743896,1.5468909740448,-0.0344219990074635
        ,0.849388003349304,1.592689037323,-0.0344219990074635,0.830417990684509,1.63848698139191,-0.0344219990074635,0.849388003349304
        ,1.65745604038239,-0.0344219990074635,0.895184993743896,1.63175594806671,-0.0344219990074635,0.934252977371216,1.592689037323
        ,-0.0344219990074635,0.950434982776642,1.55362200737,-0.0344219990074635,0.934252977371216,1.53743898868561,-0.0344219990074635
        ,0.895184993743896,1.55362200737,-0.0344219990074635,0.856118023395538,1.592689037323,-0.0344219990074635,0.839936017990112
        ,1.63175594806671,-0.0344219990074635,0.856118023395538,1.64793801307678,-0.0344219990074635,0.895184993743896,1.61597895622253
        ,-0.0253410004079342,0.918474972248077,1.592689037323,-0.0253410004079342,0.928121984004974,1.592689037323,-0.0191879998892546
        ,0.895184993743896,1.56939899921417,-0.0253410004079342,0.918474972248077,1.55975198745728,-0.0253410004079342,0.895184993743896
        ,1.56939899921417,-0.0253410004079342,0.871895015239716,1.592689037323,-0.0253410004079342,0.862248003482819,1.61597895622253
        ,-0.0253410004079342,0.871895015239716,1.62562596797943,-0.0253410004079342,0.895184993743896
		PolygonVertexIndex: 2,0,-2,3,2,-2,2,3,-5,5,2,-5,6,2,-6,7,5,-5,7,8,-6,8,9,-6,9,6,-6,10,8,-8,11,10,-8,6,12,-3,2,12,-14,13,0,-3,14,13,-13
        ,15,11,-8,15,7,-5,16,0,-14,16,13,-18,14,17,-14,16,17,-19,19,16,-19,20,16,-20,20,21,-17,20,19,-23,19,23,-23,19,24,-24
        ,19,18,-25,22,23,-26,22,25,-27,27,16,-22,22,26,-29,20,22,-29,27,0,-17,31,29,-31,29,31,-33,33,32,-32,32,33,-35,35,34
        ,-34,36,34,-36,38,29,-33,32,37,-39,30,29,-39,38,39,-31,31,30,-40,39,40,-32,33,31,-41,40,41,-34,35,33,-42,41,42,-36
        ,36,35,-43,42,43,-37,34,36,-44,43,44,-35,32,34,-45,44,37,-33,47,46,-46,48,45,-47,46,47,-50,50,49,-48,49,50,-52,52
        ,51,-51,51,52,-54,54,53,-53,53,54,-56,56,55,-55,55,56,-58,58,57,-57,48,59,-46,60,45,-60,59,61,-61,62,60,-62,61,63
        ,-63,64,62,-64,63,65,-65,66,64,-66,65,67,-67,68,66,-68,58,68,-58,67,57,-69,54,69,-57,69,54,-71,52,70,-55,70,52,-72
        ,50,71,-53,71,50,-73,47,72,-51,72,47,-74,45,73,-48,73,45,-75,60,74,-46,74,60,-76,62,75,-61,75,62,-77,64,76,-63,76
        ,64,-78,66,77,-65,77,66,-79,68,78,-67,78,68,-80,58,79,-69,79,58,-81,56,80,-59,80,56,-70,105,106,-108,106,108,-108
        ,108,109,-108,109,110,-108,110,111,-108,111,112,-108,112,113,-108,113,105,-108,89,83,-83,82,90,-90,90,82,-82,81,91
        ,-91,91,81,-89,88,92,-92,92,88,-88,87,93,-93,93,87,-87,86,94,-94,94,86,-86,85,95,-95,95,85,-85,84,96,-96,96,84,-84
        ,83,89,-97,82,98,-98,97,81,-83,83,99,-99,98,82,-84,84,100,-100,99,83,-85,85,101,-101,100,84,-86,86,102,-102,101,85
        ,-87,87,103,-103,102,86,-88,88,104,-104,103,87,-89,81,97,-105,104,88,-82,98,106,-106,105,97,-99,99,108,-107,106,98
        ,-100,100,109,-109,108,99,-101,101,110,-110,109,100,-102,102,111,-111,110,101,-103,103,112,-112,111,102,-104,104,113
        ,-113,112,103,-105,97,105,-114,113,104,-98,130,132,-132,131,132,-134,133,132,-135,134,132,-136,135,132,-137,136,132
        ,-138,137,132,-139,138,132,-131,115,116,-90,89,90,-116,114,115,-91,90,91,-115,121,114,-92,91,92,-122,120,121,-93,92
